State_Name,Year,PC_No,PC_Name,V_INDIA,V_NDA,V_Other,V_sum_check
Andaman_&_Nicobar_Islands,2009,1,Andaman,0.5233481678316745,0.44214839593413247,0.03450343623419303,1.0
Andaman_&_Nicobar_Islands,2014,1,Andaman,0.4703525046382189,0.48174927113702626,0.047898224224754836,1.0
Andaman_&_Nicobar_Islands,2019,1,Andaman & Nicobar Islands,0.4714662880648032,0.4559364804613238,0.07259723147387306,1.0
Andhra_Pradesh,1999,1,Srikakulam,0.4208860903850511,0.5680488038524876,0.011065105762461358,1.0
Andhra_Pradesh,1999,2,Parvathipuram,0.4735933730173619,0.4955408485030399,0.030865778479598177,0.9999999999999999
Andhra_Pradesh,1999,3,Bobbili,0.489402497498753,0.48402373517632713,0.026573767324919916,1.0
Andhra_Pradesh,1999,4,Visakhapatnam,0.49611487747443284,0.4996765225495452,0.004208599976021951,1.0
Andhra_Pradesh,1999,5,Bhadrachalam,0.5201024486040348,0.40304049878462445,0.07685705261134076,1.0
Andhra_Pradesh,1999,6,Anakapalli,0.4490495824992505,0.5274544889901066,0.023495928510642874,1.0
Andhra_Pradesh,1999,7,Kakinada,0.3865961025438818,0.5365797758623876,0.07682412159373056,0.9999999999999999
Andhra_Pradesh,1999,8,Rajahmundry,0.44194708515668224,0.5173092399778683,0.04074367486544942,0.9999999999999999
Andhra_Pradesh,1999,9,Amalapuram,0.3760189324217723,0.5557137287259605,0.06826733885226727,1.0
Andhra_Pradesh,1999,10,Narasapur,0.40193608690448374,0.5980639130955163,0.0,1.0
Andhra_Pradesh,1999,11,Eluru,0.4475249379478293,0.5225483238408822,0.02992673821128839,1.0
Andhra_Pradesh,1999,12,Machilipatnam,0.42757765967323996,0.5445827436703251,0.0278395966564349,1.0
Andhra_Pradesh,1999,13,Vijayawada,0.4656099126142927,0.5196370198415946,0.01475306754411277,1.0
Andhra_Pradesh,1999,14,Tenali,0.46854763389712706,0.5265389520325431,0.00491341407032993,1.0
Andhra_Pradesh,1999,15,Guntur,0.45915386210763764,0.5108231703413895,0.030022967550972855,1.0
Andhra_Pradesh,1999,16,Bapatla,0.429164493526723,0.5583322030675181,0.012503303405758903,1.0
Andhra_Pradesh,1999,17,Narasaraopet,0.5026475046628215,0.4866402304283742,0.010712264908804291,1.0
Andhra_Pradesh,1999,18,Ongole,0.47755249959052704,0.507689708493952,0.014757791915520894,0.9999999999999999
Andhra_Pradesh,1999,19,Nellore,0.48238105340151416,0.4953712440570626,0.022247702541423234,1.0
Andhra_Pradesh,1999,20,Tirupathi,0.4731662745624104,0.48889811321709836,0.03793561222049126,1.0
Andhra_Pradesh,1999,21,Chittoor,0.47945277671977443,0.5018313438878149,0.018715879392410643,0.9999999999999999
Andhra_Pradesh,1999,22,Rajampet,0.4481061738021089,0.48970375640339125,0.06219006979449987,1.0
Andhra_Pradesh,1999,23,Cuddapah,0.5097483944801227,0.47244783449256683,0.017803771027310504,1.0
Andhra_Pradesh,1999,24,Hindupur,0.38739702216462923,0.5624619443880657,0.050141033447305014,1.0
Andhra_Pradesh,1999,25,Anantapur,0.47458652333961254,0.502876157076596,0.02253731958379142,1.0
Andhra_Pradesh,1999,26,Kurnool,0.48011212154656463,0.5127140674511097,0.007173811002325671,1.0
Andhra_Pradesh,1999,27,Nandyal,0.43735617524198217,0.5366915985770434,0.0259522261809744,1.0
Andhra_Pradesh,1999,28,Nagarkurnool,0.44873633057320517,0.5310363139012899,0.020227355525504944,1.0
Andhra_Pradesh,1999,29,Mahabubnagar,0.43993897034617235,0.49406037124262453,0.06600065841120312,1.0
Andhra_Pradesh,1999,30,Hyderabad,0.18517557883232968,0.3573068928214084,0.4575175283462619,1.0
Andhra_Pradesh,1999,31,Secunderabad,0.4213139663653455,0.5351979190810991,0.043488114553555335,1.0
Andhra_Pradesh,1999,32,Siddipet,0.4120855378765328,0.559534669342526,0.028379792780941222,1.0
Andhra_Pradesh,1999,33,Medak,0.45565807906577716,0.48163566225401294,0.0627062586802099,1.0
Andhra_Pradesh,1999,34,Nizamabad,0.4907074958160136,0.4949267087879001,0.014365795396086262,1.0
Andhra_Pradesh,1999,35,Adilabad,0.4245473460235804,0.5248510231427552,0.050601630833664396,1.0
Andhra_Pradesh,1999,36,Peddapalli,0.5031162705739592,0.4722897986203944,0.0245939308056464,1.0
Andhra_Pradesh,1999,37,Karimnagar,0.4733719969345823,0.49692020537798276,0.029707797687434912,1.0
Andhra_Pradesh,1999,38,Hanamkonda,0.45672870047937925,0.5155794825123488,0.02769181700827194,0.9999999999999999
Andhra_Pradesh,1999,39,Warangal,0.48416023008185605,0.46348099804738224,0.05235877187076171,1.0
Andhra_Pradesh,1999,40,Khammam,0.5595530337739647,0.35154906229599975,0.08889790393003551,1.0
Andhra_Pradesh,1999,41,Nalgonda,0.5472498715778659,0.4496406285526615,0.003109499869472585,1.0
Andhra_Pradesh,1999,42,Miryalguda,0.5870238557629146,0.3841370894890943,0.028839054747991113,1.0
Andhra_Pradesh,2004,1,SRIKAKULAM,0.4557366889117611,0.5002185774206758,0.04404473366756311,1.0
Andhra_Pradesh,2004,2,PARVATHIPURAM,0.4867451667040284,0.4757532428977359,0.03750159039823572,1.0
Andhra_Pradesh,2004,3,BOBBILI,0.4585408515164644,0.5009530299107867,0.04050611857274884,1.0
Andhra_Pradesh,2004,4,VISAKHAPATNAM,0.5506632206471127,0.407529794430086,0.04180698492280122,0.9999999999999999
Andhra_Pradesh,2004,5,BHADRACHALAM,0.4528753372384124,0.3880174027173517,0.15910726004423595,1.0
Andhra_Pradesh,2004,6,ANAKAPALLI,0.4730955155568234,0.4927412577214879,0.03416322672168873,1.0
Andhra_Pradesh,2004,7,KAKINADA,0.49375039060058745,0.42503833894996945,0.08121127044944307,1.0
Andhra_Pradesh,2004,8,RAJAHMUNDRY,0.5070932552455999,0.3248856826484102,0.16802106210598988,1.0
Andhra_Pradesh,2004,9,AMALAPURAM,0.4969767259842183,0.43896601040251026,0.06405726361327138,0.9999999999999999
Andhra_Pradesh,2004,10,NARASAPUR,0.5236571721086695,0.44053321354136743,0.03580961434996317,1.0
Andhra_Pradesh,2004,11,ELURU,0.5562035818133461,0.41937790969253086,0.024418508494123064,1.0
Andhra_Pradesh,2004,12,MACHILIPATNAM,0.5116285869595555,0.44664831681536604,0.04172309622507851,1.0
Andhra_Pradesh,2004,13,VIJAYAWADA,0.5492838804493058,0.42859095518279405,0.022125164367900126,1.0
Andhra_Pradesh,2004,14,TENALI,0.5440239767858952,0.4286729349516472,0.02730308826245762,1.0
Andhra_Pradesh,2004,15,GUNTUR,0.5673239656442196,0.4097221883520053,0.02295384600377504,1.0
Andhra_Pradesh,2004,16,BAPATLA,0.5584623751323812,0.43152777039487406,0.010009854472744818,1.0
Andhra_Pradesh,2004,17,NARASARAOPET,0.5346251039939235,0.4392959486083469,0.026078947397729563,0.9999999999999999
Andhra_Pradesh,2004,18,ONGOLE,0.5584310127019841,0.42653275427537096,0.015036233022644854,1.0
Andhra_Pradesh,2004,19,NELLORE,0.5809120618834888,0.3850664108176176,0.034021527298893656,1.0
Andhra_Pradesh,2004,20,TIRUPATHI,0.6006702041825923,0.3661281868562241,0.033201608961183515,1.0
Andhra_Pradesh,2004,21,CHITTOOR,0.4472415425679122,0.5186028054590491,0.034155651973038686,1.0
Andhra_Pradesh,2004,22,RAJAMPET,0.5346159820115636,0.42210260899102464,0.043281408997411765,0.9999999999999999
Andhra_Pradesh,2004,23,CUDDAPAH,0.5691944076939046,0.4028391481081559,0.027966444197939432,1.0
Andhra_Pradesh,2004,24,HINDUPUR,0.48286006799120873,0.48200613353732236,0.035133798471468886,1.0
Andhra_Pradesh,2004,25,ANANTAPUR,0.5236135842276658,0.441235313125202,0.035151102647132296,1.0
Andhra_Pradesh,2004,26,KURNOOL,0.5292833086484927,0.4061389487679576,0.06457774258354963,1.0
Andhra_Pradesh,2004,27,NANDYAL,0.5522658931079587,0.4180559510765949,0.029678155815446396,1.0
Andhra_Pradesh,2004,28,NAGARKURNOOL,0.0,0.45857352621274744,0.5414264737872525,1.0
Andhra_Pradesh,2004,29,MAHABUBNAGAR,0.49478725946414576,0.4394967693822634,0.06571597115359085,1.0
Andhra_Pradesh,2004,30,HYDERABAD,0.2528748799915652,0.2823196527941816,0.4648054672142532,1.0
Andhra_Pradesh,2004,31,SECUNDERABAD,0.49904852521408183,0.4283855959458543,0.07256587884006387,1.0
Andhra_Pradesh,2004,32,SIDDIPET,0.5301569766246674,0.40636326015861224,0.06347976321672034,1.0
Andhra_Pradesh,2004,33,MEDAK,0.0,0.3663170160578358,0.6336829839421643,1.0
Andhra_Pradesh,2004,34,NIZAMABAD,0.5649034463524035,0.3890100020725707,0.04608655157502578,1.0
Andhra_Pradesh,2004,35,ADILABAD,0.0,0.4505219714399573,0.5494780285600427,1.0
Andhra_Pradesh,2004,36,PEDDAPALLI,0.6089889028783492,0.32904808468665386,0.061963012434996946,0.9999999999999999
Andhra_Pradesh,2004,37,KARIMNAGAR,0.0,0.3660855512394102,0.6339144487605898,1.0
Andhra_Pradesh,2004,38,HANAMKONDA,0.0,0.3354360032911356,0.6645639967088645,1.0
Andhra_Pradesh,2004,39,WARANGAL,0.0,0.44307699655472604,0.556923003445274,1.0
Andhra_Pradesh,2004,40,KHAMMAM,0.505574936457977,0.4003858101081072,0.09403925343391581,1.0
Andhra_Pradesh,2004,41,NALGONDA,0.4573926266682459,0.40413293240666803,0.13847444092508607,1.0
Andhra_Pradesh,2004,42,MIRYALGUDA,0.5941114528662341,0.36929739493804703,0.03659115219571886,1.0
Andhra_Pradesh,2009,1,Adilabad,0.2978432349159649,0.4980830041814833,0.20407376090255175,1.0
Andhra_Pradesh,2009,2,Peddapalle,0.3470290904216843,0.074927692118524,0.5780432174597917,1.0
Andhra_Pradesh,2009,3,Karimnagar,0.321250912927047,0.12327253915442668,0.5554765479185263,1.0
Andhra_Pradesh,2009,4,Nizamabad,0.3330924635567034,0.1275343464894827,0.5393731899538139,1.0
Andhra_Pradesh,2009,5,Zahirabad,0.38888707972775743,0.049017082757279985,0.5620958375149626,1.0
Andhra_Pradesh,2009,6,Medak,0.3614787940986841,0.06501180130633313,0.5735094045949828,1.0
Andhra_Pradesh,2009,7,Malkajgiri,0.32325085618072447,0.35266098562645376,0.3240881581928218,1.0
Andhra_Pradesh,2009,8,Secundrabad,0.3937274086278793,0.35366807518038385,0.25260451619173685,1.0
Andhra_Pradesh,2009,9,Hyderabad,0.12842497619073684,0.37106873487974956,0.5005062889295137,1.0
Andhra_Pradesh,2009,10,CHELVELLA,0.38786509681799397,0.4745225515083535,0.13761235167365252,1.0
Andhra_Pradesh,2009,11,Mahbubnagar,0.3741717484841077,0.06250581371452553,0.5633224378013667,1.0
Andhra_Pradesh,2009,12,Nagarkurnool,0.4124086805575941,0.048544857832287305,0.5390464616101186,1.0
Andhra_Pradesh,2009,13,Nalgonda,0.7735629474264853,0.020907157053393476,0.20552989552012121,1.0
Andhra_Pradesh,2009,14,Bhongir,0.7695346249160021,0.04071720881613613,0.18974816626786178,1.0
Andhra_Pradesh,2009,15,Warangal,0.384765585135696,0.1668093783440456,0.4484250365202584,1.0
Andhra_Pradesh,2009,16,Mahabubabad,0.7223615955661513,0.016668158156960416,0.2609702462768883,1.0
Andhra_Pradesh,2009,17,Khammam,0.3327612980213279,0.4635215737643746,0.20371712821429752,1.0
Andhra_Pradesh,2009,18,Aruku,0.6794783480174814,0.029170393205330696,0.29135125877718787,1.0
Andhra_Pradesh,2009,19,Srikakulam,0.4209299680430118,0.3450621969171678,0.23400783503982045,1.0
Andhra_Pradesh,2009,20,Vizianagaram,0.40313008806758577,0.36911754131769436,0.2277523706147198,1.0
Andhra_Pradesh,2009,21,Visakhapatnam,0.36357270869017144,0.25044903335095414,0.3859782579588744,1.0
Andhra_Pradesh,2009,22,Anakapalli,0.3584591781683048,0.3238167519048016,0.31772406992689356,1.0
Andhra_Pradesh,2009,23,Kakinada,0.3343296554319654,0.28311592718774137,0.3825544173802932,1.0
Andhra_Pradesh,2009,24,Amalapuram,0.35925002866638117,0.2710938012993466,0.36965617003427226,1.0
Andhra_Pradesh,2009,25,Rajahmundry,0.3502728482675541,0.356635525821184,0.2930916259112619,1.0
Andhra_Pradesh,2009,26,Narsapuram,0.3919293324375397,0.2899803723768098,0.3180902951856505,1.0
Andhra_Pradesh,2009,27,Eluru,0.3914191732737877,0.36163333063179637,0.24694749609441594,1.0
Andhra_Pradesh,2009,28,Machilipatnam,0.37958166841701474,0.40266989847339485,0.2177484331095904,1.0
Andhra_Pradesh,2009,29,Vijayawada,0.3940008062143073,0.39757065675103015,0.2084285370346626,1.0
Andhra_Pradesh,2009,30,Guntur,0.388520788630481,0.3595985643769184,0.2518806469926006,1.0
Andhra_Pradesh,2009,31,Narasaraopet,0.4263202611041213,0.43507634881356405,0.13860339008231465,1.0
Andhra_Pradesh,2009,32,Bapatla,0.4413516304070653,0.3886004778588536,0.17004789173408108,1.0
Andhra_Pradesh,2009,33,Ongole,0.4405368952829407,0.37644487299314977,0.18301823172390946,1.0
Andhra_Pradesh,2009,34,Nandyal,0.4019450464458642,0.3109586861419721,0.28709626741216376,1.0
Andhra_Pradesh,2009,35,Kurnool,0.43881239391236804,0.36401047210794324,0.19717713397968872,1.0
Andhra_Pradesh,2009,36,Anantapur,0.4573027776328097,0.3964529881933544,0.1462442341738359,1.0
Andhra_Pradesh,2009,37,Hindupur,0.40216062722335544,0.446240512542707,0.15159886023393757,1.0
Andhra_Pradesh,2009,38,Kadapa,0.5274126020822775,0.363630036475636,0.10895736144208647,1.0
Andhra_Pradesh,2009,39,Nellore,0.42863127301881593,0.39095031693934307,0.180418410041841,1.0
Andhra_Pradesh,2009,40,Tirupati,0.4028852554501581,0.40619752189896974,0.1909172226508722,1.0
Andhra_Pradesh,2009,41,Rajampet,0.42553075644893285,0.34554019391162666,0.22892904963944052,1.0
Andhra_Pradesh,2009,42,Chittoor,0.4053724135746962,0.42657052072547064,0.1680570656998331,1.0
Andhra_Pradesh,2014,1,Adilabad,0.25276207775259896,0.17917035286602612,0.5680675693813749,1.0
Andhra_Pradesh,2014,2,Peddapalle,0.26981362561720235,0.062335955415395425,0.6678504189674023,1.0
Andhra_Pradesh,2014,3,Karimnagar,0.2720302078313875,0.19188218371465515,0.5360876084539574,1.0
Andhra_Pradesh,2014,4,Nizamabad,0.26582788902940463,0.21866430678697604,0.5155078041836193,1.0
Andhra_Pradesh,2014,5,Zahirabad,0.3363321036151121,0.1453115486943395,0.5183563476905484,1.0
Andhra_Pradesh,2014,6,Medak,0.22099767538052162,0.15387927776272575,0.6251230468567527,1.0
Andhra_Pradesh,2014,7,Malkajgiri,0.14508661204684933,0.325921266074672,0.5289921218784787,1.0
Andhra_Pradesh,2014,8,Secundrabad,0.18408584323293065,0.4394327297397385,0.37648142702733084,1.0
Andhra_Pradesh,2014,9,Hyderabad,0.051024875415927096,0.3222222797203521,0.6267528448637208,1.0
Andhra_Pradesh,2014,10,CHELVELLA,0.2776885071801265,0.2710647827492266,0.45124671007064693,1.0
Andhra_Pradesh,2014,11,Mahbubnagar,0.33026740128999216,0.2701841359773371,0.39954846273267075,1.0
Andhra_Pradesh,2014,12,Nagarkurnool,0.3835121970863177,0.16724111736915612,0.4492466855445262,1.0
Andhra_Pradesh,2014,13,Nalgonda,0.44573985212604034,0.23683821878550765,0.31742192908845207,1.0
Andhra_Pradesh,2014,14,Bhongir,0.3926705242269087,0.15725888926642628,0.45007058650666504,1.0
Andhra_Pradesh,2014,15,Warangal,0.23207943868676495,0.16144152929500413,0.606479032018231,1.0
Andhra_Pradesh,2014,16,Mahabubabad,0.25479694640584855,0.193668488729522,0.5515345648646295,1.0
Andhra_Pradesh,2014,17,Khammam,0.15990150551704052,0.3479309923669338,0.49216750211602567,1.0
Andhra_Pradesh,2014,18,Aruku,0.10233229943475454,0.3603577822368488,0.5373099183283967,1.0
Andhra_Pradesh,2014,19,Srikakulam,0.02314779137511174,0.531701781696002,0.4451504269288863,1.0
Andhra_Pradesh,2014,20,Vizianagaram,0.1100827349416275,0.4818002964608632,0.4081169685975093,1.0
Andhra_Pradesh,2014,21,Visakhapatnam,0.04389495396689641,0.4903657493585551,0.4657392966745485,1.0
Andhra_Pradesh,2014,22,Anakapalli,0.015584367550488261,0.49901942740196253,0.4853962050475492,1.0
Andhra_Pradesh,2014,23,Kakinada,0.021093344956527725,0.46986304512399346,0.5090436099194788,1.0
Andhra_Pradesh,2014,24,Amalapuram,0.010914125723652026,0.533864297306128,0.4552215769702199,1.0
Andhra_Pradesh,2014,25,Rajahmundry,0.01844425640459635,0.5498001930620304,0.4317555505333733,1.0
Andhra_Pradesh,2014,26,Narsapuram,0.024978586992609374,0.4998674765014912,0.4751539365058994,1.0
Andhra_Pradesh,2014,27,Eluru,0.00983794346551666,0.522534618105859,0.46762743842862436,1.0
Andhra_Pradesh,2014,28,Machilipatnam,0.012434382239948385,0.5184316255608669,0.4691339921991847,1.0
Andhra_Pradesh,2014,29,Vijayawada,0.03341569924771337,0.4984617700384262,0.46812253071386045,1.0
Andhra_Pradesh,2014,30,Guntur,0.03794726876734179,0.5001182879706418,0.4619344432620164,1.0
Andhra_Pradesh,2014,31,Narasaraopet,0.018004840129301047,0.4957479605798708,0.48624719929082816,1.0
Andhra_Pradesh,2014,32,Bapatla,0.019595009727958496,0.49040004095982526,0.4900049493122163,1.0
Andhra_Pradesh,2014,33,Ongole,0.011175321347111923,0.47764893787470925,0.5111757407781788,1.0
Andhra_Pradesh,2014,34,Nandyal,0.013691456685194526,0.4313131431616448,0.5549954001531606,1.0
Andhra_Pradesh,2014,35,Kurnool,0.1103814542903283,0.40566556316225694,0.48395298254741476,1.0
Andhra_Pradesh,2014,36,Anantapur,0.013979350291292485,0.506764052667093,0.47925659704161455,1.0
Andhra_Pradesh,2014,37,Hindupur,0.03121868734781782,0.5164900758513385,0.4522912368008436,1.0
Andhra_Pradesh,2014,38,Kadapa,0.011968417708255876,0.40744080010275063,0.5805907821889935,1.0
Andhra_Pradesh,2014,39,Nellore,0.01937883841062873,0.47572664258218766,0.5048945190071836,1.0
Andhra_Pradesh,2014,40,Tirupati,0.03688441515216479,0.45035656519566664,0.5127590196521685,1.0
Andhra_Pradesh,2014,41,Rajampet,0.0255044735511101,0.3705155484242287,0.6039799780246612,1.0
Andhra_Pradesh,2014,42,Chittoor,0.01392576692965737,0.49859223616345755,0.4874819969068851,1.0
Andhra_Pradesh,2019,1,Aruku,0.017326399894801198,0.34713740514198405,0.6355361949632148,1.0
Andhra_Pradesh,2019,2,Srikakulam,0.012041044786136334,0.4801473989965199,0.5078115562173438,1.0
Andhra_Pradesh,2019,3,Vizianagaram,0.01323253982183085,0.45293405944002285,0.5338334007381463,1.0
Andhra_Pradesh,2019,4,Visakhapatnam,0.011961525813877013,0.38188342650443935,0.6061550476816837,1.0
Andhra_Pradesh,2019,5,Anakapalli,0.008407317504782956,0.4242631911078761,0.5673294913873409,1.0
Andhra_Pradesh,2019,6,Kakinada,0.007106608211970434,0.4278482204973717,0.5650451712906579,1.0
Andhra_Pradesh,2019,7,Amalapuram,0.006496871171737906,0.3765900738337251,0.616913054994537,1.0
Andhra_Pradesh,2019,8,Rajahmundry,0.010335685589063967,0.38419678727955753,0.6054675271313785,1.0
Andhra_Pradesh,2019,9,Narsapuram,0.014936276382926116,0.3688906678746864,0.6161730557423875,1.0
Andhra_Pradesh,2019,10,Eluru,0.015624867603819788,0.39891479424767,0.5854603381485102,1.0
Andhra_Pradesh,2019,11,Machilipatnam,0.010015514919293764,0.4226779815049062,0.5673065035758,1.0
Andhra_Pradesh,2019,12,Vijayawada,0.012817156195446603,0.4685333436688991,0.5186495001356543,1.0
Andhra_Pradesh,2019,13,Guntur,0.010538426757038675,0.44615881656840056,0.5433027566745607,1.0
Andhra_Pradesh,2019,14,Narasaraopet,0.007746451042881056,0.4266645307529237,0.5655890182041953,1.0
Andhra_Pradesh,2019,15,Bapatla,0.01042458788199054,0.47305363656282623,0.5165217755551832,1.0
Andhra_Pradesh,2019,16,Ongole,0.006143023970922559,0.40222103983790586,0.5916359361911716,1.0
Andhra_Pradesh,2019,17,Nandyal,0.011193250734916326,0.37198457516401207,0.6168221741010717,1.0
Andhra_Pradesh,2019,18,Kurnool,0.033794933186656745,0.40635318519224906,0.5598518816210942,1.0
Andhra_Pradesh,2019,19,Anantapur,0.03807828560459313,0.4234067720864451,0.5385149423089618,1.0
Andhra_Pradesh,2019,20,Hindupur,0.02059814263142742,0.4392040547176108,0.5401978026509617,1.0
Andhra_Pradesh,2019,21,Kadapa,0.011976574643221393,0.33531338510015196,0.6527100402566267,1.0
Andhra_Pradesh,2019,22,Nellore,0.007935194453240993,0.43113177371845773,0.5609330318283012,1.0
Andhra_Pradesh,2019,23,Tirupati,0.01871394245810755,0.3962465741424406,0.5850394833994519,1.0
Andhra_Pradesh,2019,24,Rajampet,0.017590653680071507,0.36065078452519334,0.6217585617947351,1.0
Andhra_Pradesh,2019,25,Chittoor,0.019009536195873415,0.4310734564112274,0.5499170073928992,1.0
Arunachal_Pradesh,1999,1,Arunachal West,0.6992642175539165,0.0,0.3007357824460834,1.0
Arunachal_Pradesh,1999,2,Arunachal East,0.5850441687132485,0.3613380632112875,0.05361776807546403,1.0
Arunachal_Pradesh,2004,1,ARUNACHAL WEST,0.05043106183538968,0.5592834673508055,0.3902854708138049,1.0
Arunachal_Pradesh,2004,2,ARUNACHAL EAST,0.23521527688117502,0.5089178670896582,0.25586685602916676,1.0
Arunachal_Pradesh,2009,1,Arunachal West,0.491564637279403,0.4869514389118732,0.021483923808723774,1.0
Arunachal_Pradesh,2009,2,Arunachal East,0.537028851656609,0.21855792897123208,0.24441321937215893,1.0
Arunachal_Pradesh,2014,1,ARUNACHAL WEST,0.4341156571767204,0.5017870811624978,0.06409726166078175,1.0
Arunachal_Pradesh,2014,2,ARUNACHAL EAST,0.46444424928545197,0.40902086959298706,0.126534881121561,1.0
Arunachal_Pradesh,2019,1,ARUNACHAL WEST,0.14421273438002138,0.7537673173895514,0.10201994823042719,0.9999999999999999
Arunachal_Pradesh,2019,2,ARUNACHAL EAST,0.2897924748705672,0.5908156790354913,0.11939184609394153,0.9999999999999999
Assam,1999,1,Karimganj,0.5595410564006525,0.43319169861545437,0.0072672449838931,1.0
Assam,1999,2,Silchar,0.5652112240814197,0.37341668481959367,0.06137209109898664,1.0
Assam,1999,3,Autonomous District,0.3849677581225476,0.0,0.6150322418774524,1.0
Assam,1999,4,Dhubri,0.4377880298265393,0.319385519887656,0.2428264502858047,1.0
Assam,1999,5,Kokrajhar,0.0732932584269663,0.0,0.9267067415730337,1.0
Assam,1999,6,Barpeta,0.6247119105271672,0.31343604214792087,0.06185204732491188,1.0
Assam,1999,7,Gauhati,0.3878440194348506,0.6015067146285838,0.010649265936565545,1.0
Assam,1999,8,Mangaldoi,0.34091198588736327,0.5069385528298577,0.15214946128277906,1.0
Assam,1999,9,Tezpur,0.34620940654458227,0.6028997751906153,0.050890818264802413,1.0
Assam,1999,10,Nowgong,0.3889295297033279,0.5675408746632905,0.04352959563338162,1.0
Assam,1999,11,Kaliabor,0.5036103700266791,0.4922493699317734,0.004140260041547595,1.0
Assam,1999,12,Jorhat,0.4872230956804275,0.5127769043195726,0.0,1.0
Assam,1999,13,Dibrugarh,0.4857245849189924,0.5037733006696533,0.010502114411354336,1.0
Assam,1999,14,Lakhimpur,0.3531993749445277,0.5205119860572824,0.12628863899818993,1.0
Assam,2004,1,KARIMGANJ,0.4782328733024592,0.49975480587929294,0.022012320818247808,0.9999999999999999
Assam,2004,2,SILCHAR,0.6019125359443578,0.36965769785024777,0.02842976620539445,1.0
Assam,2004,3,AUTONOMOUS DISTRICT,0.31388743422857285,0.15259220468317497,0.5335203610882522,1.0
Assam,2004,4,DHUBRI,0.4360846961595343,0.4054950820127788,0.1584202218276869,1.0
Assam,2004,5,KOKRAJHAR,0.06349885977567832,0.0,0.9365011402243217,1.0
Assam,2004,6,BARPETA,0.4177526245256447,0.40631695720246414,0.17593041827189115,1.0
Assam,2004,7,GAUHATI,0.4034236290059159,0.5363503974158894,0.06022597357819475,1.0
Assam,2004,8,MANGALDOI,0.3722301620871385,0.5794971610891898,0.04827267682367177,1.0000000000000002
Assam,2004,9,TEZPUR,0.4027193657870817,0.5335633059349053,0.06371732827801296,1.0
Assam,2004,10,NOWGONG,0.39604267799996185,0.5685882794556455,0.035369042544392625,1.0
Assam,2004,11,KALIABOR,0.4005761988960994,0.4726259648644504,0.12679783623945023,1.0
Assam,2004,12,JORHAT,0.5938071375110057,0.36463612733106043,0.04155673515793389,1.0
Assam,2004,13,DIBRUGARH,0.2702765652356469,0.6705997924374342,0.05912364232691896,1.0
Assam,2004,14,LAKHIMPUR,0.3409135243011269,0.58744479290148,0.07164168279739308,1.0
Assam,2009,1,Karimganj,0.3789050354356283,0.21734630571714267,0.403748658847229,1.0
Assam,2009,2,Silchar,0.30363528615459695,0.3536894639448984,0.3426752499005046,1.0
Assam,2009,3,Autonomous District,0.432296882319263,0.20811117472544632,0.3595919429552907,1.0
Assam,2009,4,Dhubri,0.3491088596326165,0.0,0.6508911403673835,1.0
Assam,2009,5,Kokrajhar,0.0,0.21150864410004072,0.7884913558999593,1.0
Assam,2009,6,Barpeta,0.40510977289898226,0.323570063552731,0.27132016354828675,1.0
Assam,2009,7,Gauhati,0.44994763802859206,0.4473381086008033,0.1027142533706046,0.9999999999999999
Assam,2009,8,Mangaldoi,0.26326695178054527,0.311461112510712,0.4252719357087427,1.0
Assam,2009,9,Tezpur,0.43361590136670175,0.41772901721642985,0.14865508141686837,1.0
Assam,2009,10,Nowgong,0.3356887559265068,0.3811280605897431,0.2831831834837501,1.0
Assam,2009,11,Kaliabor,0.4523719220445793,0.2943010936431989,0.2533269843122218,1.0
Assam,2009,12,Jorhat,0.5759935824636355,0.3805475649992188,0.043458852537145695,1.0
Assam,2009,13,Dibrugarh,0.5085530282415337,0.43165847646183153,0.05978849529663481,1.0
Assam,2009,14,Lakhimpur,0.41974394790967784,0.34619936426929465,0.2340566878210275,1.0
Assam,2014,1,Karimganj,0.2590481592829996,0.3016586306653809,0.4392932100516195,1.0
Assam,2014,2,Silchar,0.4532269095188048,0.39067882268340887,0.15609426779778637,1.0
Assam,2014,3,Autonomous District,0.41846850069086516,0.3556298920593805,0.22590160724975433,1.0
Assam,2014,4,Dhubri,0.2742028237116669,0.22649914326287746,0.49929803302545567,1.0
Assam,2014,5,Kokrajhar,0.014541474279606585,0.0,0.9854585257203934,1.0
Assam,2014,6,Barpeta,0.2658641576320542,0.3547829027593606,0.3793529396085853,1.0
Assam,2014,7,Gauhati,0.30605503636131665,0.5657826188653569,0.12816234477332653,1.0
Assam,2014,8,Mangaldoi,0.38895306504790034,0.45215694616020224,0.15888998879189745,1.0
Assam,2014,9,Tezpur,0.4088506813244275,0.5051501362233856,0.08599918245218693,1.0
Assam,2014,10,Nowgong,0.29260317954346277,0.43338848255018714,0.2740083379063501,1.0
Assam,2014,11,Kaliabor,0.3897408778424114,0.37043805428648213,0.23982106787110644,1.0
Assam,2014,12,Jorhat,0.43032239827029767,0.5487264618920857,0.02095113983761666,1.0000000000000002
Assam,2014,13,Dibrugarh,0.3633308772379453,0.617809056127119,0.018860066634935745,1.0
Assam,2014,14,Lakhimpur,0.299398563350812,0.6306477282746121,0.06995370837457587,1.0
Assam,2019,1,Karimganj,0.11894729538215577,0.44858759532388975,0.4324651092939545,1.0
Assam,2019,2,Silchar,0.4482978862024807,0.5300087474112896,0.021693366386229717,1.0
Assam,2019,3,Autonomous District,0.23258385551050498,0.6255973224158812,0.14181882207361382,1.0
Assam,2019,4,Dhubri,0.30170590916994144,0.23826324811654506,0.4600308427135135,1.0
Assam,2019,5,Kokrajhar,0.10060624738167583,0.0,0.8993937526183242,1.0
Assam,2019,6,Barpeta,0.46017648812205825,0.3475131534254362,0.19231035845250558,1.0
Assam,2019,7,Gauhati,0.3857035477536529,0.5752553978243063,0.03904105442204069,0.9999999999999999
Assam,2019,8,Mangaldoi,0.4088999163947248,0.49403975295989644,0.09706033064537879,1.0
Assam,2019,9,Tezpur,0.38168707671256047,0.5820531677638294,0.03625975552361014,1.0
Assam,2019,10,Nowgong,0.5033421375622469,0.4871119876290221,0.009545874808731055,1.0
Assam,2019,11,Kaliabor,0.5584005417455645,0.4086252494974485,0.032974208756987,1.0
Assam,2019,12,Jorhat,0.46394893746106136,0.5192862072970895,0.016764855241849164,1.0
Assam,2019,13,Dibrugarh,0.29690851913018157,0.6629972481880462,0.04009423268177224,1.0
Assam,2019,14,Lakhimpur,0.35010092177593866,0.6119480630371723,0.037951015186889106,1.0
Bihar,1999,1,Bagaha,0.3625429402615257,0.46400207621315553,0.17345498352531874,1.0
Bihar,1999,2,Bettiah,0.4741292232671543,0.497833217229769,0.028037559503076744,1.0
Bihar,1999,3,Motihari,0.4682391516261483,0.5002422237320179,0.03151862464183381,1.0
Bihar,1999,4,Gopalganj,0.44347043067644604,0.4921579385117675,0.06437163081178648,1.0
Bihar,1999,5,Siwan,0.5483390010082195,0.07594826751425462,0.3757127314775258,1.0
Bihar,1999,6,Maharajganj,0.42225951504980747,0.5714107446373631,0.00632974031282945,0.9999999999999999
Bihar,1999,7,Chapra,0.4536280896424898,0.5222197113736247,0.024152198983885546,1.0
Bihar,1999,8,Hajipur,0.4221792329145297,0.5574441773291838,0.020376589756286544,1.0000000000000002
Bihar,1999,9,Vaishali,0.4378241809960362,0.0,0.5621758190039639,1.0
Bihar,1999,10,Muzaffarpur,0.4212813866051386,0.5056063270114184,0.07311228638344303,1.0
Bihar,1999,11,Sitamarhi,0.4164496662187526,0.552731782060638,0.030818551720609343,0.9999999999999999
Bihar,1999,12,Sheohar,0.4850746372894519,0.0,0.5149253627105481,1.0
Bihar,1999,13,Madhubani,0.5168648197525975,0.46749605697755836,0.01563912326984419,1.0
Bihar,1999,14,Jhanjharpur,0.36778190315769493,0.5620329292306232,0.07018516761168181,1.0
Bihar,1999,15,Darbhanga,0.44838509308579033,0.5216246262919058,0.029990280622303928,1.0
Bihar,1999,16,Rosera,0.383643262393708,0.5811190608444773,0.03523767676181475,1.0
Bihar,1999,17,Samastipur,0.45212396115405135,0.4661893095261573,0.08168672931979136,1.0
Bihar,1999,18,Barh,0.4804843769774397,0.48323264349135087,0.03628297953120941,1.0
Bihar,1999,19,Balia,0.6131027715475809,0.3392862864466517,0.04761094200576738,1.0
Bihar,1999,20,Saharsa,0.4135729499984063,0.5445227737920196,0.04190427620957404,1.0
Bihar,1999,21,Madhepura,0.46806647010202446,0.5069763999062411,0.024957129991734415,1.0
Bihar,1999,22,Araria,0.4831769086473571,0.47978066096084526,0.037042430391797644,1.0
Bihar,1999,23,Kishanganj,0.6226912009587047,0.35956300905056193,0.01774578999073345,1.0
Bihar,1999,24,Purnea,0.05048304930822034,0.2722114749797468,0.6773054757120328,1.0
Bihar,1999,25,Katihar,0.4466122644267829,0.4392259016788183,0.11416183389439878,1.0
Bihar,1999,26,Rajmahal,0.6513294112607274,0.33592087789693137,0.01274971084234125,1.0
Bihar,1999,27,Dumka,0.6143152419711289,0.36851651808066377,0.01716823994820734,1.0
Bihar,1999,28,Godda,0.6261157525716567,0.34911868371581317,0.02476556371253005,0.9999999999999999
Bihar,1999,29,Banka,0.25655326357875174,0.37275483760743805,0.3706918988138102,1.0
Bihar,1999,30,Bhagalpur,0.5193400930354765,0.4207645868042493,0.05989532016027421,0.9999999999999999
Bihar,1999,31,Khagaria,0.5143863876195092,0.4428975372774937,0.042716075102997145,1.0
Bihar,1999,32,Monghyr,0.4605289276822124,0.5028683806056069,0.036602691712180765,1.0
Bihar,1999,33,Begusarai,0.5009704917000527,0.47462002849294366,0.024409479807003597,1.0
Bihar,1999,34,Nalanda,0.4114929102996285,0.5328783563919747,0.0556287333083968,0.9999999999999999
Bihar,1999,35,Patna,0.41744141250805705,0.4740908450537408,0.10846774243820215,1.0
Bihar,1999,36,Arrah,0.38850774008340777,0.26308509030953,0.34840716960706225,1.0
Bihar,1999,37,Buxar,0.48492837493902663,0.39751659969272735,0.11755502536824605,1.0
Bihar,1999,38,Sasaram,0.43623222124939537,0.3937162869580657,0.1700514917925389,1.0
Bihar,1999,39,Bikramganj,0.47115549471633106,0.42820850557758405,0.10063599970608486,1.0
Bihar,1999,40,Aurangabad,0.47054010062587276,0.3675883292962415,0.16187157007788572,1.0
Bihar,1999,41,Jahanabad,0.4076577564388672,0.4299419257134159,0.16240031784771689,1.0
Bihar,1999,42,Nawada,0.43584204268690663,0.5338203593659411,0.030337597947152344,1.0
Bihar,1999,43,Gaya,0.4714573254372416,0.5020434201243493,0.02649925443840907,1.0
Bihar,1999,44,Chatra,0.5476661795792813,0.40073614980216576,0.05159767061855299,1.0
Bihar,1999,45,Kodarma,0.508293347002916,0.44307599223522887,0.04863066076185514,1.0
Bihar,1999,46,Giridih,0.4414859924629019,0.4689804242202111,0.08953358331688704,1.0
Bihar,1999,47,Dhanbad,0.024449180978046034,0.488915329427663,0.4866354895942909,1.0
Bihar,1999,48,Hazaribagh,0.34896439631882975,0.4797500156282471,0.17128558805292315,1.0
Bihar,1999,49,Ranchi,0.3069132426263771,0.6571713779173447,0.03591537945627817,1.0
Bihar,1999,50,Jamshedpur,0.4802235515470646,0.4540226225760957,0.06575382587683971,1.0
Bihar,1999,51,Singhbhum,0.4675821052542272,0.4904001968320225,0.04201769791375024,0.9999999999999999
Bihar,1999,52,Khunti,0.3982858851113137,0.46305808176263785,0.13865603312604846,1.0
Bihar,1999,53,Lohardaga,0.517478092198484,0.45661773809687584,0.025904169704640188,0.9999999999999999
Bihar,1999,54,Palamau,0.3665007053682651,0.5337437175068867,0.09975557712484821,1.0
Bihar,2004,1,BAGAHA,0.004817681416363299,0.4169274054245341,0.5782549131591026,1.0
Bihar,2004,2,BETTIAH,0.46251763566299564,0.3279601591947609,0.20952220514224346,1.0
Bihar,2004,3,MOTIHARI,0.5133358858438747,0.37956617138144816,0.10709794277467713,0.9999999999999999
Bihar,2004,4,GOPALGANJ,0.490590896589857,0.2060456135248032,0.30336348988533984,1.0
Bihar,2004,5,SIWAN,0.4980205287791901,0.3355517423111189,0.16642772890969093,1.0
Bihar,2004,6,MAHARAJGANJ,0.35678022098765616,0.4266572945343109,0.21656248447803295,1.0
Bihar,2004,7,CHAPRA,0.5330817813111645,0.37757465288287134,0.08934356580596416,0.9999999999999999
Bihar,2004,8,HAJIPUR,0.0,0.31543050680938256,0.6845694931906174,1.0
Bihar,2004,9,VAISHALI,0.488050317825616,0.09950432827866608,0.41244535389571796,1.0
Bihar,2004,10,MUZAFFARPUR,0.47874164194220725,0.471972284795159,0.04928607326263371,1.0
Bihar,2004,11,SITAMARHI,0.5985051918742427,0.3302503941134149,0.07124441401234237,0.9999999999999999
Bihar,2004,12,SHEOHAR,0.460773367907993,0.34417543038248216,0.19505120170952484,1.0
Bihar,2004,13,MADHUBANI,0.6135849675459191,0.3521469180131658,0.03426811444091516,1.0
Bihar,2004,14,JHANJHARPUR,0.520074746926842,0.44099124875930606,0.0389340043138519,0.9999999999999999
Bihar,2004,15,DARBHANGA,0.5655125843271204,0.37265605024552384,0.06183136542735575,1.0
Bihar,2004,16,ROSERA,0.009224104838732273,0.36266254962999905,0.6281133455312686,1.0
Bihar,2004,17,SAMASTIPUR,0.5284958273967026,0.35925212330921674,0.11225204929408064,1.0
Bihar,2004,18,BARH,0.4992795714231155,0.45214560411263455,0.04857482446424996,1.0
Bihar,2004,19,BALIA,0.32350987617225185,0.18771843815729128,0.48877168567045687,1.0
Bihar,2004,20,SAHARSA,0.01729443890598587,0.4374336287980582,0.5452719322959559,1.0
Bihar,2004,21,MADHEPURA,0.5071263568108996,0.39431357694955993,0.09856006623954046,1.0
Bihar,2004,22,ARARIA,0.2895795622272734,0.33947081642881555,0.3709496213439111,1.0
Bihar,2004,23,KISHANGANJ,0.6119240392713771,0.3194752340728992,0.0686007266557238,1.0
Bihar,2004,24,PURNEA,0.06671368024653922,0.34857654633540897,0.5847097734180519,1.0
Bihar,2004,25,KATIHAR,0.45985644968498995,0.41516023065719126,0.12498331965781875,1.0
Bihar,2004,26,BANKA,0.4804128938993231,0.4695568492536644,0.050030256847012414,1.0
Bihar,2004,27,BHAGALPUR,0.31763739557830406,0.4557671940903196,0.22659541033137628,1.0
Bihar,2004,28,KHAGARIA,0.5008646846231114,0.3776711653936793,0.12146414998320929,1.0
Bihar,2004,29,MONGHYR,0.5434241340763462,0.4079233222263183,0.048652543697335626,1.0
Bihar,2004,30,BEGUSARAI,0.41414608773044015,0.4443488293619511,0.14150508290760883,1.0
Bihar,2004,31,NALANDA,0.005003971672090708,0.5275129065377856,0.4674831217901237,1.0
Bihar,2004,32,PATNA,0.48334767890180974,0.4395589403209562,0.07709338077723403,1.0
Bihar,2004,33,ARRAH,0.39004925707927623,0.18735218430632367,0.42259855861440015,1.0
Bihar,2004,34,BUXAR,0.2395642689442257,0.31729767868917114,0.4431380523666032,1.0
Bihar,2004,35,SASARAM,0.6002983083906406,0.22718765462198734,0.17251403698737208,1.0
Bihar,2004,36,BIKRAMGANJ,0.3359675716183534,0.42911060394454476,0.23492182443710188,1.0
Bihar,2004,37,AURANGABAD,0.385884803541378,0.36826264177308743,0.24585255468553455,1.0
Bihar,2004,38,JAHANABAD,0.46313331511898753,0.40935275785262126,0.12751392702839123,1.0
Bihar,2004,39,NAWADA,0.4851434857385582,0.4296502538216822,0.08520626043975955,0.9999999999999999
Bihar,2004,40,GAYA,0.547206505964631,0.40964868787172815,0.04314480616364077,1.0
Bihar,2009,1,Valmiki Nagar,0.1856619827985235,0.4640271239913307,0.35031089321014575,1.0
Bihar,2009,2,Paschim Champaran,0.18131431098971024,0.40379929539211273,0.41488639361817703,1.0
Bihar,2009,3,Purvi Champaran,0.43764345036254293,0.4173580645562948,0.1449984850811623,1.0
Bihar,2009,4,Sheohar,0.3283892714789723,0.4080231499522078,0.2635875785688199,1.0
Bihar,2009,5,Sitamarhi,0.4178827307342854,0.4036055374841345,0.17851173178158009,1.0
Bihar,2009,6,Madhubani,0.5748864404099645,0.29483806977446203,0.13027548981557346,1.0
Bihar,2009,7,Jhanjharpur,0.4585042273124361,0.4362612757122433,0.10523449697532053,1.0
Bihar,2009,8,Supaul,0.225492950478473,0.5318776553962238,0.24262939412530315,0.9999999999999999
Bihar,2009,9,Araria,0.06797015003018675,0.38707350096447,0.5449563490053433,1.0
Bihar,2009,10,Kishanganj,0.6231460774524097,0.25384023965009556,0.12301368289749472,0.9999999999999999
Bihar,2009,11,Katihar,0.35293833538946434,0.3722687266615332,0.27479293794900245,1.0
Bihar,2009,12,Purnia,0.005123198010893537,0.5149864185581816,0.4798903834309248,1.0
Bihar,2009,13,Madhepura,0.3818849546291008,0.48990259534234404,0.1282124500285551,1.0
Bihar,2009,14,Darbhanga,0.42796041781198463,0.43843870258383727,0.13360087960417813,1.0
Bihar,2009,15,Muzaffarpur,0.17417373947924156,0.3137321129012283,0.5120941476195301,1.0
Bihar,2009,16,Vaishali,0.47438023142294705,0.4195541187202919,0.10606564985676104,1.0
Bihar,2009,17,Gopalganj,0.3545150435392646,0.39638962984688925,0.24909532661384615,1.0
Bihar,2009,18,Siwan,0.28795719304589623,0.06842659816888984,0.643616208785214,1.0
Bihar,2009,19,Maharajganj,0.4866669891431078,0.3482962402026931,0.16503677065419906,1.0
Bihar,2009,20,Saran,0.4720964426278619,0.3828952760053855,0.14500828136675264,1.0
Bihar,2009,21,Hajipur,0.038883854661144426,0.44444584562115264,0.516670299717703,1.0
Bihar,2009,22,Ujiarpur,0.4550019942388655,0.394102370928429,0.15089563483270552,1.0
Bihar,2009,23,Samastipur,0.15674651360864167,0.44371320775369333,0.399540278637665,1.0
Bihar,2009,24,Begusarai,0.33328830647968916,0.2863471152641034,0.38036457825620745,1.0
Bihar,2009,25,Khagaria,0.4091412387794614,0.4271517032817575,0.16370705793878107,0.9999999999999999
Bihar,2009,26,Bhagalpur,0.3843446522844294,0.3630383602278309,0.2526169874877397,1.0
Bihar,2009,27,Banka,0.40641022495890883,0.17162162990947674,0.42196814513161446,1.0
Bihar,2009,28,Munger,0.32700582364390207,0.5749876721861477,0.09800650416995024,1.0
Bihar,2009,29,Nalanda,0.023706399671947074,0.5264703863597565,0.44982321396829644,1.0
Bihar,2009,30,Patna Sahib,0.38212144640616486,0.5730146860452694,0.04486386754856571,1.0
Bihar,2009,31,Pataliputra,0.42062692321774525,0.4285896217479413,0.15078345503431348,1.0
Bihar,2009,32,Arrah,0.036873583219931005,0.38912488157920755,0.5740015352008614,1.0
Bihar,2009,33,Buxar,0.249175301213514,0.2133103256938776,0.5375143730926084,1.0
Bihar,2009,34,Sasaram,0.5036650857802016,0.24916740535965584,0.24716750886014247,1.0
Bihar,2009,35,Karakat,0.4290007734649495,0.3411396641844107,0.22985956235063976,1.0
Bihar,2009,36,Jahanabad,0.4371262581841426,0.39771553313962316,0.16515820867623424,1.0
Bihar,2009,37,Aurangabad,0.40559834459888616,0.4348152382480561,0.15958641715305774,1.0
Bihar,2009,38,Gaya,0.44082186827561515,0.43647926718163416,0.1226988645427507,1.0
Bihar,2009,39,Nawada,0.05901216524094055,0.22457120749688347,0.716416627262176,1.0
Bihar,2009,40,Jamui,0.5413917182934394,0.3335774551052588,0.12503082660130183,1.0
Bihar,2014,1,Valmiki Nagar,0.309528332824462,0.5037271997376486,0.18674446743788942,1.0
Bihar,2014,2,Paschim Champaran,0.16623197318140598,0.7562147210344589,0.0775533057841352,1.0
Bihar,2014,3,Purvi Champaran,0.2603723558693184,0.653629228045422,0.08599841608525959,1.0
Bihar,2014,4,Sheohar,0.3620487777875385,0.5433102324568317,0.0946409897556297,1.0
Bihar,2014,5,Sitamarhi,0.31211061910793275,0.10864041299946676,0.5792489678926005,1.0
Bihar,2014,6,Madhubani,0.40106273739856335,0.5292520192248268,0.06968524337660979,0.9999999999999999
Bihar,2014,7,Jhanjharpur,0.30010202594373997,0.5562289410735873,0.14366903298267272,1.0
Bihar,2014,8,Supaul,0.3509927002374215,0.5513218432005937,0.09768545656198473,1.0
Bihar,2014,9,Araria,0.4253301723526787,0.5037958873890216,0.07087394025829966,1.0
Bihar,2014,10,Kishanganj,0.5414761744292368,0.3892056899047987,0.06931813566596452,1.0
Bihar,2014,11,Katihar,0.4856633160516459,0.4281821177132335,0.08615456623512059,1.0
Bihar,2014,12,Purnia,0.1771365880635138,0.7168337000242693,0.10602971191221698,1.0
Bihar,2014,13,Madhepura,0.3642403135297074,0.5580743872731743,0.07768529919711828,1.0
Bihar,2014,14,Darbhanga,0.3611286610127078,0.5509066898573131,0.08796464912997912,1.0
Bihar,2014,15,Muzaffarpur,0.2628572949663268,0.6115601458727075,0.12558255916096575,1.0
Bihar,2014,16,Vaishali,0.22414134232594748,0.15782733572063756,0.6180313219534149,1.0
Bihar,2014,17,Gopalganj,0.22176082734950098,0.6539030393352301,0.12433613331526894,1.0
Bihar,2014,18,Siwan,0.30004544421722334,0.523881399867377,0.17607315591539957,1.0
Bihar,2014,19,Maharajganj,0.3428887028312491,0.5712332745591021,0.08587802260964877,1.0
Bihar,2014,20,Saran,0.37220029787597353,0.5474348514889056,0.0803648506351209,1.0
Bihar,2014,21,Hajipur,0.2633815863968457,0.10771790135754654,0.6289005122456077,1.0
Bihar,2014,22,Ujiarpur,0.37260740160472083,0.5265393428665914,0.10085325552868772,1.0
Bihar,2014,23,Samastipur,0.3159914241725142,0.2399600945835112,0.4440484812439746,1.0
Bihar,2014,24,Begusarai,0.5351350373924811,0.40731727743907664,0.057547685168442234,1.0
Bihar,2014,25,Khagaria,0.30067768589356286,0.25255751616827155,0.4467647979381656,1.0
Bihar,2014,26,Bhagalpur,0.3846201819185327,0.5096660461355045,0.10571377194596286,1.0
Bihar,2014,27,Banka,0.5736084490734236,0.30911737759466706,0.11727417333190941,1.0
Bihar,2014,28,Munger,0.2110757324931468,0.3273990708106376,0.4615251966962156,1.0
Bihar,2014,29,Nalanda,0.14393286167400496,0.35138474434565453,0.5046823939803405,1.0
Bihar,2014,30,Patna Sahib,0.2643049115517091,0.6594832528424075,0.0762118356058834,1.0
